1757172593508 240.0 1
1757172593514 241.0 2
1757172593520 283.0 3
1757172593526 279.0 4
1757172593532 228.0 5
1757172593537 217.0 6
1757172593543 190.0 7
1757172593549 208.0 8
1757172593555 222.0 9
1757172593560 295.0 10
1757172593567 293.0 11
1757172593573 129.0 12
1757172593579 231.0 13
1757172593585 290.0 14
1757172593592 253.0 15
1757172593598 187.0 16
1757172593604 283.0 17
1757172593610 149.0 18
1757172593615 195.0 19
1757172593621 166.0 20
1757172593626 162.0 21
1757172593631 237.0 22
1757172593637 227.0 23
1757172593642 216.0 24
1757172593647 294.0 25
1757172593652 222.0 26
1757172593658 236.0 27
1757172593663 237.0 28
1757172593668 206.0 29
1757172593674 226.0 30
1757172593679 295.0 31
1757172593684 219.0 32
1757172593690 287.0 33
1757172593695 253.0 34
1757172593700 274.0 35
1757172593705 205.0 36
1757172593711 249.0 37
1757172593716 237.0 38
1757172593721 255.0 39
1757172593726 294.0 40
1757172593732 192.0 41
1757172593737 250.0 42
1757172593742 236.0 43
1757172593748 198.0 44
1757172593753 201.0 45
1757172593759 208.0 46
1757172593764 190.0 47
1757172593769 274.0 48
1757172593775 294.0 49
1757172593780 284.0 50
