1757170593123 240.0 1
1757170593130 241.0 2
1757170593136 283.0 3
1757170593141 279.0 4
1757170593147 228.0 5
1757170593154 217.0 6
1757170593160 190.0 7
1757170593166 208.0 8
1757170593172 222.0 9
1757170593178 295.0 10
1757170593184 293.0 11
1757170593191 129.0 12
1757170593196 231.0 13
1757170593202 290.0 14
1757170593208 253.0 15
1757170593214 187.0 16
1757170593219 283.0 17
1757170593225 149.0 18
1757170593230 195.0 19
1757170593235 166.0 20
1757170593241 162.0 21
1757170593246 237.0 22
1757170593252 227.0 23
1757170593257 216.0 24
1757170593263 294.0 25
1757170593268 222.0 26
1757170593274 236.0 27
1757170593279 237.0 28
1757170593285 206.0 29
1757170593290 226.0 30
1757170593296 295.0 31
1757170593302 219.0 32
1757170593308 287.0 33
1757170593313 253.0 34
1757170593319 274.0 35
1757170593324 205.0 36
1757170593330 249.0 37
1757170593336 237.0 38
1757170593341 255.0 39
1757170593346 294.0 40
1757170593352 192.0 41
1757170593357 250.0 42
1757170593362 236.0 43
1757170593368 198.0 44
1757170593373 201.0 45
1757170593379 208.0 46
1757170593384 190.0 47
1757170593390 274.0 48
1757170593395 294.0 49
1757170593400 284.0 50
