1757170397807 240.0 1
1757170397813 241.0 2
1757170397819 283.0 3
1757170397824 279.0 4
1757170397830 228.0 5
1757170397835 217.0 6
1757170397840 190.0 7
1757170397846 208.0 8
1757170397851 222.0 9
1757170397856 295.0 10
1757170397861 293.0 11
1757170397867 129.0 12
1757170397872 231.0 13
1757170397877 290.0 14
1757170397882 253.0 15
1757170397888 187.0 16
1757170397893 283.0 17
1757170397899 149.0 18
1757170397904 195.0 19
1757170397909 166.0 20
1757170397915 162.0 21
1757170397920 237.0 22
1757170397925 227.0 23
1757170397930 216.0 24
1757170397936 294.0 25
1757170397941 222.0 26
1757170397946 236.0 27
1757170397951 237.0 28
1757170397957 206.0 29
1757170397962 226.0 30
1757170397967 295.0 31
1757170397973 219.0 32
1757170397978 287.0 33
1757170397983 253.0 34
1757170397988 274.0 35
1757170397994 205.0 36
1757170397999 249.0 37
1757170398004 237.0 38
1757170398010 255.0 39
1757170398015 294.0 40
1757170398020 192.0 41
1757170398026 250.0 42
1757170398031 236.0 43
1757170398036 198.0 44
1757170398042 201.0 45
1757170398047 208.0 46
1757170398053 190.0 47
1757170398058 274.0 48
1757170398064 294.0 49
1757170398069 284.0 50
